source_id,2011-04,2011-05,2011-06,2011-07,2011-08,2011-09,2011-10,2011-11,2011-12,2012-01,2012-02,2012-03,2012-04,2012-05,2012-06,2012-07,2012-08,2012-09,2012-10,2012-11,2012-12,2013-01,2013-02,2013-03,2013-04,2013-05,2013-06,2013-07,2013-08,2013-09,2013-10,2013-11,2013-12,2014-01,2014-02,2014-03,2014-04,2014-05,2014-06,2014-07,2014-08,2014-09,2014-10,2014-11,2014-12,2015-01,2015-02,2015-03,2015-04,2015-05,2015-06,2015-07,2015-08,2015-09,2015-10,2015-11,2015-12,2016-01,2016-02,2016-03,2016-04,2016-05,2016-06,2016-07
counter,571,110,76,52,45,81,99,80,81,98,68,48,43,49,50,35,52,46,66,108,61,69,64,51,68,79,55,72,76,67,102,80,68,41,43,61,49,56,45,68,46,51,98,66,66,89,17,39,29,11,13,1,1,1,3,4,5,3,9,35,3,6,1,2
f1000,,,,,,,,,,,,,,,,,,,,,,,,,,,,,,,,,,,,,,,,,,,,,,,,,,,,,0,0,0,0,0,0,0,,0,0,0,0
pmc,,49,15,17,20,36,34,74,13,25,25,21,16,24,11,15,12,13,16,37,9,12,14,25,12,5,4,6,12,15,13,8,5,12,4,10,5,4,5,12,23,7,7,9,5,4,4,14,11,6,11,15,13,26,9,8,20,5,1,,6,1,,
crossref,,,,,,,,,,,,,,,,,,,,,,,,,,,,,,,,,,,,,,7,-1,0,2,0,,0,,1,0,0,1,10,1,10,1,10,-10,10,-10,10,-10,,10,-10,10,-10
twitter,,,,,,,,,,,,,,,,,,,,,,,,,,,,,,,,,,,,,,,,,,,,,,,,,,0,0,0,0,0,0,0,0,0,0,0,0,0,0,0
mendeley,,,,,,,,,,,,,,,,,,,,,,,,,,,,,,,,,,,,,,25,0,0,4,1,0,0,0,0,2,1,2,0,36,1,38,5,43,5,44,7,53,13,55,7,55,7
facebook,,,,,,,,,,,,,,,,,,,,,,,,,,,,,,,,,,,,,,,,,,,,,,,,,,,0,0,0,0,0,0,0,0,0,0,,0,0,
scopus,,,,,,,,,,,,,,,,,,,,,,,,,,,,,,,,,,,,,,,8,0,2,1,1,0,0,0,0,0,1,12,1,13,1,,13,1,13,1,14,2,15,2,14,
plos_comments,,,,,,,,,,,,,,,,,,,,,,,,,,,,,,,,,,,,,,,,,,,,,,,,,,,0,0,0,0,0,0,0,0,,,,0,0,
pmceurope,,,,,,,,,,,,,,,,,,,,,,,,,,,,,,,,,,,,,,,,,,,,,,,,,,6,0,6,0,6,0,6,0,6,,0,6,1,,
reddit,,,,,,,,,,,,,,,,,,,,,,,,,,,,,,,,,,,,,,,,,,,,,,,,,,,0,0,0,0,0,0,0,,0,0,0,0,,
relativemetric,,,,,,,,,,,,,,,,,,,,,,,,,,,,,,,,,,,,,,,,,,,,,,,,,,513230,0,513230,0,513230,0,513230,0,513230,0,513230,0,513230,,
pubmed,,,,,,,,,,,,,,,,,,,,,,,,,,,,,,,,,,,,,,3,0,0,1,0,0,1,0,0,0,0,0,5,0,,5,0,5,-5,5,-5,,,5,-5,,
wikipedia,,,,,,,,,,,,,,,,,,,,,,,,,,,,,,,,,,,,,,,,,,,,,,,,,,0,0,0,0,0,0,,0,0,0,0,,0,,
pmceuropedata,,,,,,,,,,,,,,,,,,,,,,,,,,,,,,,,,,,,,,,,,,,,,,,,,,0,0,0,0,0,0,0,0,0,0,,0,0,,
figshare,,,,,,,,,,,,,,,,,,,,,,,,,,,,,,,,,,,,,,,0,0,0,0,0,,0,0,0,0,,0,24,2,27,4,30,7,33,-33,,,177,-13,,
articlecoverage,,,,,,,,,,,,,,,,,,,,,,,,,,,,,,,,,,,,,,,,,,,,,,,,,,,,,0,0,0,0,0,0,0,0,,0,,
orcid,,,,,,,,,,,,,,,,,,,,,,,,,,,,,,,,,,,,,,,,,,,,,,,,,,0,0,0,0,0,0,0,0,0,,0,,0,,
articlecoveragecurated,,,,,,,,,,,,,,,,,,,,,,,,,,,,,,,,,,,,,,,,,,,,,,,,,,,,,0,0,0,0,0,0,0,0,0,,,
citeulike,,,,,,,,,,,,,,,,,,,,,,,,,,,,,,,,,,,,,,,,,,,,,,,,,,0,0,0,0,0,0,0,0,0,0,0,0,,,
datacite,,,,,,,,,,,,,,,,,,,,,,,,,,,,,,,,,,,,,,,,,,,,,,,,,,0,0,0,0,0,0,0,,0,0,0,0,,,
nature,,,,,,,,,,,,,,,,,,,,,,,,,,,,,,,,,,,,,,,,,,,,,,,,,,,0,,,,,,,,,,,,,
wordpress,,,,,,,,,,,,,,,,,,,,,,,,,,,,,,,,,,,,,,,,,,,,,,,,,,,,,,,,,,,,,,,,
scienceseeker,,,,,,,,,,,,,,,,,,,,,,,,,,,,,,,,,,,,,,,,,,,,,,,,,,,,,,,,,,,,,,,,
researchblogging,,,,,,,,,,,,,,,,,,,,,,,,,,,,,,,,,,,,,,,,,,,,,,,,,,,,,,,,,,,,,,,,
copernicus,,,,,,,,,,,,,,,,,,,,,,,,,,,,,,,,,,,,,,,,,,,,,,,,,,,,,,,,,,,,,,,,
openedition,,,,,,,,,,,,,,,,,,,,,,,,,,,,,,,,,,,,,,,,,,,,,,,,,,,,,,,,,,,,,,,,
