source_id,2011-04,2011-05,2011-06,2011-07,2011-08,2011-09,2011-10,2011-11,2011-12,2012-01,2012-02,2012-03,2012-04,2012-05,2012-06,2012-07,2012-08,2012-09,2012-10,2012-11,2012-12,2013-01,2013-02,2013-03,2013-04,2013-05,2013-06,2013-07,2013-08,2013-09,2013-10,2013-11,2013-12,2014-01,2014-02,2014-03,2014-04,2014-05,2014-06,2014-07,2014-08,2014-09,2014-10,2014-11,2014-12,2015-01,2015-02,2015-03,2015-04,2015-05,2015-06,2015-07,2015-08,2015-09,2015-10,2015-11,2015-12,2016-01,2016-02,2016-03,2016-04,2016-05,2016-06,2016-07
counter,292,61,29,15,37,24,28,41,25,36,24,24,44,16,8,23,19,12,36,37,21,41,30,28,31,40,98,99,82,94,48,17,15,14,12,31,23,21,18,23,17,21,26,52,28,52,31,20,11,3,3,1,1,1,2,1,1,3,6,20,12,4,5,1
f1000,,,,,,,,,,,,,,,,,,,,,,,,,,,,,,,,,,,,,,,,,,,,,,,,,,,,,0,0,0,0,0,0,0,,,,0,0
crossref,,,,,,,,,,,,,,,,,,,,,,,,,,,,,,,,,,,,,,5,1,0,0,1,,0,,1,0,0,1,0,9,0,9,1,-1,1,-1,1,-1,,1,-1,1,-1
pmc,1,10,15,2,9,5,9,4,10,2,7,9,11,3,4,3,2,6,7,12,,3,9,2,4,5,11,2,1,1,3,3,1,8,0,2,3,9,4,4,1,4,4,5,4,,4,3,1,3,2,6,3,5,3,4,4,2,1,4,,2,,
twitter,,,,,,,,,,,,,,,,,,,,,,,,,,,,,,,,,,,,,,,,,,,,,,,,,,0,0,0,0,0,0,0,0,0,0,,0,0,0,0
mendeley,,,,,,,,,,,,,,,,,,,,,,,,,,,,,,,,,,,,,,,33,0,1,2,0,0,0,0,3,0,3,0,42,0,42,2,52,2,55,2,23,,5,24,3,24
facebook,,,,,,,,,,,,,,,,,,,,,,,,,,,,,,,,,,,,,,,,,,,,,,,,,,,0,0,0,0,0,0,0,0,0,,0,0,0,
scopus,,,,,,,,,,,,,,,,,,,,,,,,,,,,,,,,,,,,,,,7,0,1,0,0,0,0,0,3,0,1,11,1,12,1,13,1,14,1,14,1,,15,2,15,
plos_comments,,,,,,,,,,,,,,,,,,,,,,,,,,,,,,,,,,,,,,,,,,,,,,,,,,0,0,0,0,,0,0,0,0,0,,,0,0,
wikipedia,,,,,,,,,,,,,,,,,,,,,,,,,,,,,,,,,,,,,,,,,,,,,,,,,,0,0,0,0,0,0,0,0,0,,0,0,0,,
articlecoveragecurated,,,,,,,,,,,,,,,,,,,,,,,,,,,,,,,,,,,,,,,,,,,,,,,,,,,,,0,0,0,0,0,0,0,,0,0,,
articlecoverage,,,,,,,,,,,,,,,,,,,,,,,,,,,,,,,,,,,,,,,,,,,,,,,,,,,,,0,0,0,0,0,0,0,,0,0,,
datacite,,,,,,,,,,,,,,,,,,,,,,,,,,,,,,,,,,,,,,,,,,,,,,,,,,0,0,0,0,0,0,0,0,0,0,,0,0,,
citeulike,,,,,,,,,,,,1,,,,,,,,,,,,,,,,,,,,,,,,,,,,,,,,,,,,,,0,0,0,0,0,0,0,0,0,,,,,,
pmceuropedata,,,,,,,,,,,,,,,,,,,,,,,,,,,,,,,,,,,,,,,,,,,,,,,,,,0,0,0,0,0,0,0,0,0,0,,0,0,,
relativemetric,,,,,,,,,,,,,,,,,,,,,,,,,,,,,,,,,,,,,,,,,,,,,,,,,,560111,0,560111,0,560111,0,560111,0,560111,0,560111,0,,,
orcid,,,,,,,,,,,,,,,,,,,,,,,,,,,,,,,,,,,,,,,,,,,,,,,,,,0,0,0,0,0,0,0,0,0,0,,0,,,
pmceurope,,,,,,,,,,,,,,,,,,,,,,,,,,,,,,,,,,,,,,,,,,,,,,,,,,7,1,7,1,7,1,8,1,8,,,,,,
figshare,,,,,,,,,,,,,,,,,,,,,,,,,,,,,,,,,,,,,,,0,0,0,0,0,0,,0,0,0,,0,11,0,11,0,13,0,13,-13,,,,,,
pubmed,,,,,,,,,,,,,,,,,,,,,,,,,,,,,,,,,,,,,,3,0,0,0,0,0,0,0,0,0,0,0,4,0,4,1,4,-4,,4,-4,,,,,,
reddit,,,,,,,,,,,,,,,,,,,,,,,,,,,,,,,,,,,,,,,,,,,,,,,,,,,0,0,0,0,0,0,,0,,,,,,
nature,,,,,,,,,,,,,,,,,,,,,,,,,,,,,,,,,,,,,,,,,,,,,,,,,,,0,,,,,,,,,,,,,
wordpress,,,,,,,,,,,,,,,,,,,,,,,,,,,,,,,,,,,,,,,,,,,,,,,,,,,,,,,,,,,,,,,,
scienceseeker,,,,,,,,,,,,,,,,,,,,,,,,,,,,,,,,,,,,,,,,,,,,,,,,,,,,,,,,,,,,,,,,
researchblogging,,,,,,,,,,,,,,,,,,,,,,,,,,,,,,,,,,,,,,,,,,,,,,,,,,,,,,,,,,,,,,,,
copernicus,,,,,,,,,,,,,,,,,,,,,,,,,,,,,,,,,,,,,,,,,,,,,,,,,,,,,,,,,,,,,,,,
openedition,,,,,,,,,,,,,,,,,,,,,,,,,,,,,,,,,,,,,,,,,,,,,,,,,,,,,,,,,,,,,,,,
