source_id,2011-04,2011-05,2011-06,2011-07,2011-08,2011-09,2011-10,2011-11,2011-12,2012-01,2012-02,2012-03,2012-04,2012-05,2012-06,2012-07,2012-08,2012-09,2012-10,2012-11,2012-12,2013-01,2013-02,2013-03,2013-04,2013-05,2013-06,2013-07,2013-08,2013-09,2013-10,2013-11,2013-12,2014-01,2014-02,2014-03,2014-04,2014-05,2014-06,2014-07,2014-08,2014-09,2014-10,2014-11,2014-12,2015-01,2015-02,2015-03,2015-04,2015-05,2015-06,2015-07,2015-08,2015-09,2015-10,2015-11,2015-12,2016-01,2016-02,2016-03,2016-04,2016-05,2016-06,2016-07
counter,257,116,60,47,76,77,77,82,59,56,56,48,68,51,33,53,48,47,47,72,65,88,101,73,53,74,102,112,100,95,45,45,30,37,45,48,36,41,45,36,32,45,51,54,44,51,34,46,46,20,4,1,1,2,2,1,4,2,17,28,1,1,1,1
f1000,,,,,,,,,,,,,,,,,,,,,,,,,,,,,,,,,,,,,,,,,,,,,,,,,,,,,0,0,0,0,0,0,0,,0,0,0,0
crossref,,,,,,,,,,,,,,,,,,,,,,,,,,,,,,,,,,,,,,3,0,0,0,0,,0,,1,0,0,0,0,4,1,4,1,-1,1,-1,1,,-1,,1,-1,1
pmc,2,51,19,10,27,38,26,36,9,14,28,22,18,22,7,23,30,18,18,20,3,13,27,14,19,15,17,13,9,11,20,5,10,17,20,10,10,10,8,7,14,17,10,7,16,12,29,25,27,12,10,20,15,32,16,29,19,10,14,9,21,1,,
twitter,,,,,,,,,,,,,,,,,,,,,,,,,,,,,,,,,,,,,,,,,,,,,,,,,,0,0,0,0,0,0,0,0,0,0,0,0,0,0,0
mendeley,,,,,,,,,,,,,,,,,,,,,,,,,,,,,,,,,,,,,,,33,0,-1,0,0,0,1,0,1,3,3,0,42,2,43,3,40,5,40,5,42,6,,43,8,45
facebook,,,,,,,,,,,,,,,,,,,,,,,,,,,,,,,,,,,,,,1,0,0,0,0,0,0,0,0,0,0,,0,1,-1,1,-1,1,-1,1,,-1,1,-1,1,-1,
scopus,,,,,,,,,,,,,,,,,,,,,,,,,,,,,,,,,,,,,,,2,2,0,0,0,0,0,0,0,0,1,4,1,4,1,4,1,4,1,5,1,6,,1,6,
plos_comments,,,,,,,,,,,,,,,,,,,,,,,,,,,,,,,,,,,,,,,,,,,,,,,,,,,0,0,0,0,0,0,0,0,0,0,,0,0,
relativemetric,,,,,,,,,,,,,,,,,,,,,,,,,,,,,,,,,,,,,,,,,,,,,,,,,,628775,0,628775,0,628775,0,628775,0,628775,0,628775,0,628775,,
reddit,,,,,,,,,,,,,,,,,,,,,,,,,,,,,,,,,,,,,,,,,,,,,,,,,,0,0,0,0,0,0,0,,0,,,0,0,,
pmceuropedata,,,,,,,,,,,,,,,,,,,,,,,,,,,,,,,,,,,,,,,,,,,,,,,,,,0,0,0,0,0,0,0,0,0,0,,0,0,,
orcid,,,,,,,,,,,,,,,,,,,,,,,,,,,,,,,,,,,,,,,,,,,,,,,,,,0,0,0,0,0,0,0,0,0,0,0,,0,,
wikipedia,,,,,,,,,,,,,,,,,,,,,,,,,,,,,,,,,,,,,,,,,,,,,,,,,,0,0,0,0,0,0,0,,0,0,0,,0,,
articlecoveragecurated,,,,,,,,,,,,,,,,,,,,,,,,,,,,,,,,,,,,,,,,,,,,,,,,,,,,,0,0,0,0,0,0,0,0,,0,,
articlecoverage,,,,,,,,,,,,,,,,,,,,,,,,,,,,,,,,,,,,,,,,,,,,,,,,,,,,,0,0,0,0,0,0,0,0,0,,,
citeulike,,,,,,,,,,,,,,,,,,,,,,,,,,,,,,,,,,,,,,,,,,,,,,,,,,0,0,0,0,0,0,0,0,0,,0,0,,,
datacite,,,,,,,,,,,,,,,,,,,,,,,,,,,,,,,,,,,,,,,,,,,,,,,,,,0,0,0,0,0,0,0,0,0,0,0,0,,,
pubmed,,,,,,,,,,,,,,,,,,,,,,,,,,,,,,,,,,,,,,1,0,0,0,0,0,0,0,0,0,0,0,1,1,,1,,1,-1,1,-1,,,1,,,
pmceurope,,,,,,,,,,,,,,,,,,,,,,,,,,,,,,,,,,,,,,,,,,,,,,,,,,4,1,4,1,4,1,4,1,,4,1,4,,,
figshare,,,,,,,,,,,,,,,,,,,,,,,,,,,,,,,,,,,,,,0,0,0,0,0,0,0,0,0,0,0,,0,6,2,6,2,7,2,7,-7,,,21,,,
nature,,,,,,,,,,,,,,,,,,,,,,,,,,,,,,,,,,,,,,,,,,,,,,,,,,,,,,,,,,,,,,,,
wordpress,,,,,,,,,,,,,,,,,,,,,,,,,,,,,,,,,,,,,,,,,,,,,,,,,,,,,,,,,,,,,,,,
scienceseeker,,,,,,,,,,,,,,,,,,,,,,,,,,,,,,,,,,,,,,,,,,,,,,,,,,,,,,,,,,,,,,,,
researchblogging,,,,,,,,,,,,,,,,,,,,,,,,,,,,,,,,,,,,,,,,,,,,,,,,,,,,,,,,,,,,,,,,
copernicus,,,,,,,,,,,,,,,,,,,,,,,,,,,,,,,,,,,,,,,,,,,,,,,,,,,,,,,,,,,,,,,,
openedition,,,,,,,,,,,,,,,,,,,,,,,,,,,,,,,,,,,,,,,,,,,,,,,,,,,,,,,,,,,,,,,,
