source_id,2011-04,2011-05,2011-06,2011-07,2011-08,2011-09,2011-10,2011-11,2011-12,2012-01,2012-02,2012-03,2012-04,2012-05,2012-06,2012-07,2012-08,2012-09,2012-10,2012-11,2012-12,2013-01,2013-02,2013-03,2013-04,2013-05,2013-06,2013-07,2013-08,2013-09,2013-10,2013-11,2013-12,2014-01,2014-02,2014-03,2014-04,2014-05,2014-06,2014-07,2014-08,2014-09,2014-10,2014-11,2014-12,2015-01,2015-02,2015-03,2015-04,2015-05,2015-06,2015-07,2015-08,2015-09,2015-10,2015-11,2015-12,2016-01,2016-02,2016-03,2016-04,2016-05,2016-06,2016-07
counter,99,218,26,27,15,35,13,41,25,44,31,15,98,41,20,29,35,17,28,36,21,27,14,21,30,28,22,8,12,14,24,17,18,36,14,30,25,19,14,22,10,8,10,11,26,19,6,7,10,9,5,3,1,1,1,1,2,1,2,20,2,1,1,1
f1000,,,,,,,,,,,,,,,,,,,,,,,,,,,,,,,,,,,,,,,,,,,,,,,,,,,,,0,0,0,0,0,0,0,,0,0,0,0
pmc,,6,20,14,8,19,13,11,2,13,3,10,5,4,7,4,5,7,12,10,3,4,10,8,4,1,6,4,,3,3,7,2,7,2,2,3,2,3,6,8,5,1,7,3,3,8,7,7,3,3,9,4,8,4,7,3,6,9,4,3,5,,
crossref,,,,,,,,,,,,,,,,,,,,,,,,,,,,,,,,,,,,,,1,0,0,1,,0,0,,0,0,1,,0,3,0,3,0,0,0,0,,0,0,0,0,0,0
twitter,,,,,,,,,,,,,,,,,,,,,,,,,,,,,,,,,,,,,,,,,,,,,,,,,,0,0,0,0,0,0,0,0,0,0,0,0,0,0,0
mendeley,,,,,,,,,,,,,,,,,,,,,,,,,,,,,,,,,,,,,,,8,0,0,0,0,0,0,0,0,0,0,0,8,0,8,0,9,2,10,,1,10,1,10,1,10
scopus,,,,,,,,,,,,,,,,,,,,,,,,,,,,,,,,,,,,,,,2,0,1,0,0,0,0,0,0,0,0,4,0,4,0,4,1,4,1,4,1,4,1,4,1,
facebook,,,,,,,,,,,,,,,,,,,,,,,,,,,,,,,,,,,,,,4,0,0,0,0,0,0,0,0,0,0,0,0,4,-4,4,-4,4,-4,4,-4,4,-4,4,-4,4,
plos_comments,,,,,,,,,,,,,,,,,,,,,,,,,,,,,,,,,,,,,,,,,,,,,,,,,,,0,0,0,0,0,0,0,0,,,,0,0,
reddit,,,,,,,,,,,,,,,,,,,,,,,,,,,,,,,,,,,,,,,,,,,,,,,,,,0,0,0,0,0,0,,0,0,0,0,0,0,,
citeulike,,,,,,,,,,,,,,,,,,,,,,,,,,,,,,,,,,,,,,,,,,,,,,,,,,0,0,0,0,0,0,0,0,,0,0,0,0,,
relativemetric,,,,,,,,,,,,,,,,,,,,,,,,,,,,,,,,,,,,,,,,,,,,,,,,,,477085,0,477085,0,477085,0,477085,0,477085,0,477085,0,477085,,
pubmed,,,,,,,,,,,,,,,,,,,,,,,,,,,,,,,,,,,,,,2,0,0,1,0,0,0,0,0,0,0,0,3,0,3,0,3,-3,3,-3,,,,3,-3,,
pmceuropedata,,,,,,,,,,,,,,,,,,,,,,,,,,,,,,,,,,,,,,,,,,,,,,,,,,0,0,0,0,0,0,0,0,0,,0,0,0,,
orcid,,,,,,,,,,,,,,,,,,,,,,,,,,,,,,,,,,,,,,,,,,,,,,,,,,0,0,0,0,0,0,0,0,1,1,1,,1,,
wikipedia,,,,,,,,,,,,,,,,,,,,,,,,,,,,,,,,,,,,,,,,,,,,,,,,,,0,0,0,0,0,,0,0,0,0,0,,0,,
articlecoverage,,,,,,,,,,,,,,,,,,,,,,,,,,,,,,,,,,,,,,,,,,,,,,,,,,,,,0,0,0,0,0,0,0,0,,0,,
articlecoveragecurated,,,,,,,,,,,,,,,,,,,,,,,,,,,,,,,,,,,,,,,,,,,,,,,,,,,,,0,0,0,0,0,0,0,0,0,,,
datacite,,,,,,,,,,,,,,,,,,,,,,,,,,,,,,,,,,,,,,,,,,,,,,,,,,0,0,0,0,0,0,0,0,0,0,0,0,,,
figshare,,,,,,,,,,,,,,,,,,,,,,,,,,,,,,,,,,,,,,0,0,0,0,0,0,0,,0,0,0,,0,6,1,8,2,8,4,9,-9,25,-6,30,,,
pmceurope,,,,,,,,,,,,,,,,,,,,,,,,,,,,,,,,,,,,,,,,,,,,,,,,,,2,0,2,0,2,0,2,0,2,,0,2,,,
nature,,,,,,,,,,,,,,,,,,,,,,,,,,,,,,,,,,,,,,,,,,,,,,,,,,,,,,,,,,,,,,,,
wordpress,,,,,,,,,,,,,,,,,,,,,,,,,,,,,,,,,,,,,,,,,,,,,,,,,,,,,,,,,,,,,,,,
scienceseeker,,,,,,,,,,,,,,,,,,,,,,,,,,,,,,,,,,,,,,,,,,,,,,,,,,,,,,,,,,,,,,,,
researchblogging,,,,,,,,,,,,,,,,,,,,,,,,,,,,,,,,,,,,,,,,,,,,,,,,,,,,,,,,,,,,,,,,
copernicus,,,,,,,,,,,,,,,,,,,,,,,,,,,,,,,,,,,,,,,,,,,,,,,,,,,,,,,,,,,,,,,,
openedition,,,,,,,,,,,,,,,,,,,,,,,,,,,,,,,,,,,,,,,,,,,,,,,,,,,,,,,,,,,,,,,,
