source_id,2011-04,2011-05,2011-06,2011-07,2011-08,2011-09,2011-10,2011-11,2011-12,2012-01,2012-02,2012-03,2012-04,2012-05,2012-06,2012-07,2012-08,2012-09,2012-10,2012-11,2012-12,2013-01,2013-02,2013-03,2013-04,2013-05,2013-06,2013-07,2013-08,2013-09,2013-10,2013-11,2013-12,2014-01,2014-02,2014-03,2014-04,2014-05,2014-06,2014-07,2014-08,2014-09,2014-10,2014-11,2014-12,2015-01,2015-02,2015-03,2015-04,2015-05,2015-06,2015-07,2015-08,2015-09,2015-10,2015-11,2015-12,2016-01,2016-02,2016-03,2016-04,2016-05,2016-06,2016-07
counter,4325,489,248,130,154,180,304,269,267,388,337,298,677,639,190,170,162,134,298,232,203,188,156,207,223,250,273,10195,227,175,263,213,178,249,235,810,241,214,197,316,190,209,241,276,305,258,254,348,268,104,73,2,12,12,7,14,13,10,111,540,282,259,5,9
f1000,,,,,,,,,,,,,,,,,,,,,,,,,,,,,,,,,,,,,,,,,,,,,,,,,,,,,0,0,0,0,0,0,0,,,,0,0
pmc,2,145,66,21,31,17,34,34,14,19,24,17,16,20,16,21,24,28,32,25,13,33,16,16,49,21,16,15,24,19,21,16,9,29,21,14,3,17,30,16,12,26,20,20,22,19,16,15,31,23,20,16,14,30,18,15,12,11,9,7,25,10,,
twitter,,,,,,,,,,,,,,,,,,,,,,,,,,,,2,,,,,,,,,,1,,,,,,,,,,,,,,,2,,2,1,,,,,,,,
crossref,,,,,,,,,,,,,,,,,,,,,,,,,,,,,,,,,,,,,,12,0,1,0,0,,1,,0,1,2,0,0,17,1,18,2,-2,2,-2,2,,,-2,2,-2,2
mendeley,,,,,,,,,,,,,,,,,,,,,,,,,,,,,,,,,,,,,,63,2,0,3,1,0,0,0,0,4,1,1,1,78,1,79,7,80,8,82,10,93,,17,94,19,96
facebook,,,,,,,,,,,,,,,,,,,,,,,,,,,,,,,,,,,,,,176,0,0,0,0,0,2,4,0,0,0,,0,0,4,0,4,0,17,0,17,0,,17,3,17,
scopus,,,,,,,,,,,,,,,,,,,,,,,,,,,,,,,,,,,,,,,19,1,0,1,0,0,0,0,3,1,1,25,2,27,3,28,3,28,3,29,6,,29,6,29,
plos_comments,,,,,,,,,,,,,,,,,,,,,,,,,,,,,,,,,,,,,,,,,,,,,,,,,,0,0,0,0,0,0,0,0,,0,,,0,0,
wikipedia,,,,,,,,,,,,,,,,,,,,,,,,,,,,,,,,,,,,,,,,,,,,,,,,,,0,0,0,0,0,0,0,,0,0,,0,0,,
articlecoveragecurated,,,,,,,,,,,,,,,,,,,,,,,,,,,,,,,,,,,,,,,,,,,,,,,,,,0,0,0,0,0,0,0,0,0,0,,0,0,,
citeulike,,,,,,,,,,,,,,,,,,,,,,,,,,,,,,,,,,,,,,,,1,,,,,,,,,,0,0,0,0,0,0,0,0,0,,,,,,
articlecoverage,,,,,,,,,,,,,,,,,,,,,,,,,,,,,,,,,,,,,,,,,,,,,,,,,,3,0,3,0,,3,0,,3,0,,3,0,,
datacite,,,,,,,,,,,,,,,,,,,,,,,,,,,,,,,,,,,,,,,,,,,,,,,,,,0,0,0,0,0,0,0,0,0,0,,0,0,,
pmceuropedata,,,,,,,,,,,,,,,,,,,,,,,,,,,,,,,,,,,,,,,,,,,,,,,,,,0,0,0,0,0,0,0,0,0,,,0,0,,
relativemetric,,,,,,,,,,,,,,,,,,,,,,,,,,,,,,,,,,,,,,,,,,,,,,,,,,549884,0,549884,0,549884,0,549884,0,549884,0,,549884,,,
figshare,,,,,,,,,,,,,,,,,,,,,,,,,,,,,,,,,,,,,,0,0,0,0,,0,0,0,0,0,0,0,28,5,,36,7,43,9,45,-45,129,,1,,,
orcid,,,,,,,,,,,,,,,,,,,,,,,,,,,,,,,,,,,,,,,,,,,,,,,,,,0,0,0,0,0,0,0,0,0,0,,0,,,
reddit,,,,,,,,,,,,,,,,,,,,,,,,,,,,,,,,,,,,,,,,,,,,,,,,,,0,0,0,0,0,,0,0,0,0,,,,,
pmceurope,,,,,,,,,,,,,,,,,,,,,,,,,,,,,,,,,,,,,,,,,,,,,,,,,,13,0,13,0,14,0,14,0,14,,,,,,
pubmed,,,,,,,,,,,,,,,,,,,,,,,,,,,,,,,,,,,,,,5,0,0,0,0,0,0,0,0,0,0,0,5,0,,5,,1,-1,1,-1,,,,,,
nature,,,,,,,,,,,,,,,,,,,,,,,,,,,,,,,,,,,,,,,,,,,,,,,,,,0,,,,,,,,,,,,,,
wordpress,,,,,,,,,,,,,,,,,,,,,,,,,,,,,,,,,,,,,,,,,,,,,,,,,,,,,,,,,,,,,,,,
scienceseeker,,,,,,,,,,,,,,,,,,,,,,,,,,,,,,,,,,,,,,,,,,,,,,,,,,,,,,,,,,,,,,,,
researchblogging,,,,,,,,,,,,,,,,,,,,,,,,,,,,,,,,,,,,,,,,,,,,,,,,,,,,,,,,,,,,,,,,
copernicus,,,,,,,,,,,,,,,,,,,,,,,,,,,,,,,,,,,,,,,,,,,,,,,,,,,,,,,,,,,,,,,,
openedition,,,,,,,,,,,,,,,,,,,,,,,,,,,,,,,,,,,,,,,,,,,,,,,,,,,,,,,,,,,,,,,,
