source_id,2011-04,2011-05,2011-06,2011-07,2011-08,2011-09,2011-10,2011-11,2011-12,2012-01,2012-02,2012-03,2012-04,2012-05,2012-06,2012-07,2012-08,2012-09,2012-10,2012-11,2012-12,2013-01,2013-02,2013-03,2013-04,2013-05,2013-06,2013-07,2013-08,2013-09,2013-10,2013-11,2013-12,2014-01,2014-02,2014-03,2014-04,2014-05,2014-06,2014-07,2014-08,2014-09,2014-10,2014-11,2014-12,2015-01,2015-02,2015-03,2015-04,2015-05,2015-06,2015-07,2015-08,2015-09,2015-10,2015-11,2015-12,2016-01,2016-02,2016-03,2016-04,2016-05,2016-06,2016-07
counter,373,305,189,48,40,58,49,98,65,64,85,48,46,55,37,31,47,97,71,78,66,72,61,76,35,45,44,40,29,41,54,46,46,399,249,48,69,53,57,38,39,62,163,101,60,41,23,19,35,4,13,3,1,3,4,1,1,1,4,38,20,22,1,1
f1000,,,,,,,,,,,,,,,,,,,,,,,,,,,,,,,,,,,,,,,,,,,,,,,,,,,,,0,0,0,0,0,0,0,,,,0,0
crossref,,,,,,,,,,,,,,,,,,,,,,,,,,,,,,,,,,,,,,1,0,0,0,,0,0,,0,1,0,,0,2,0,2,0,0,0,0,0,,,0,0,0,0
pmc,,52,16,8,7,21,12,17,0,4,5,7,5,7,5,5,2,2,7,7,1,4,10,18,9,14,6,12,6,6,4,1,3,7,3,2,2,6,14,10,14,22,32,26,9,13,10,6,5,6,4,10,1,5,6,5,5,6,,,1,6,,
twitter,,,,,,,,,,,,,,,,,,,,,,,,,,,,,,,,,,,,,,,,,,,,,,,,,,0,0,0,0,0,0,0,0,0,0,,0,0,0,0
mendeley,,,,,,,,,,,,,,,,,,,,,,,,,,,,,,,,,,,,,,,28,0,1,2,0,0,0,0,2,1,0,0,34,0,34,0,38,0,38,1,,,41,1,40,2
facebook,,,,,,,,,,,,,,,,,,,,,,,,,,,,,,,,,,,,,,1,0,0,0,0,0,0,0,0,0,0,0,0,0,0,0,0,0,0,0,0,,,0,0,0,
scopus,,,,,,,,,,,,,,,,,,,,,,,,,,,,,,,,,,,,,,,1,0,0,0,0,0,0,0,0,0,0,1,1,1,1,1,1,1,1,1,,,1,1,1,
plos_comments,,,,,,,,,,,,,,,,,,,,,,,,,,,,,,,,,,,,,,,,,,,,,,,,,,,0,0,0,0,0,0,0,0,,,,,0,
datacite,,,,,,,,,,,,,,,,,,,,,,,,,,,,,,,,,,,,,,,,,,,,,,,,,,0,0,0,0,0,0,0,,0,0,,0,0,,
relativemetric,,,,,,,,,,,,,,,,,,,,,,,,,,,,,,,,,,,,,,,,,,,,,,,,,,485552,0,485552,0,485552,0,485552,0,485552,0,,485552,0,,
citeulike,,,,,,,,,,,,,,,,,,,,,,,,,,,,,,,,,,,,,,,,,,,,,,,,,,0,0,0,0,0,0,0,0,0,,,0,0,,
wikipedia,,,,,,,,,,,,,,,,,,,,,,,,,,,,,,,,,,,,,,,,,,,,,,,,,,0,0,0,0,0,0,,0,0,0,,0,0,,
articlecoverage,,,,,,,,,,,,,,,,,,,,,,,,,,,,,,,,,,,,,,,,,,,,,,,,,,,,,0,0,0,0,0,0,0,,0,0,,
pmceuropedata,,,,,,,,,,,,,,,,,,,,,,,,,,,,,,,,,,,,,,,,,,,,,,,,,,0,0,0,0,0,0,0,,0,,,0,0,,
articlecoveragecurated,,,,,,,,,,,,,,,,,,,,,,,,,,,,,,,,,,,,,,,,,,,,,,,,,,,,,0,0,0,0,0,0,0,,0,0,,
orcid,,,,,,,,,,,,,,,,,,,,,,,,,,,,,,,,,,,,,,,,,,,,,,,,,,1,1,1,1,1,1,1,1,1,,,1,1,,
pubmed,,,,,,,,,,,,,,,,,,,,,,,,,,,,,,,,,,,,,,,,,,,,,,,,,,0,0,0,0,0,0,0,,0,,,0,,,
pmceurope,,,,,,,,,,,,,,,,,,,,,,,,,,,,,,,,,,,,,,,,,,,,,,,,,,0,0,0,0,0,0,0,0,1,,,0,,,
figshare,,,,,,,,,,,,,,,,,,,,,,,,,,,,,,,,,,,,,,0,0,0,0,0,0,0,,0,0,0,,0,11,1,11,1,11,3,-3,3,,,25,,,
reddit,,,,,,,,,,,,,,,,,,,,,,,,,,,,,,,,,,,,,,,,,,,,,,,,,,0,0,0,0,,0,0,0,0,,,,,,
nature,,,,,,,,,,,,,,,,,,,,,,,,,,,,,,,,,,,,,,,,,,,,,,,,,,,0,,,,,,,,,,,,,
wordpress,,,,,,,,,,,,,,,,,,,,,,,,,,,,,,,,,,,,,,,,,,,,,,,,,,,,,,,,,,,,,,,,
scienceseeker,,,,,,,,,,,,,,,,,,,,,,,,,,,,,,,,,,,,,,,,,,,,,,,,,,,,,,,,,,,,,,,,
researchblogging,,,,,,,,,,,,,,,,,,,,,,,,,,,,,,,,,,,,,,,,,,,,,,,,,,,,,,,,,,,,,,,,
copernicus,,,,,,,,,,,,,,,,,,,,,,,,,,,,,,,,,,,,,,,,,,,,,,,,,,,,,,,,,,,,,,,,
openedition,,,,,,,,,,,,,,,,,,,,,,,,,,,,,,,,,,,,,,,,,,,,,,,,,,,,,,,,,,,,,,,,
